201401010000	201401050000
201401050005	201401090000
201401090005	201401130000
201401130005	201401170000
201401170005	201401210000
201401210005	201401250000
201401250005	201401290000
201401290005	201402020000
201402020005	201402060000
201402060005	201402100000
201402100005	201402140000
201402140005	201402180000
201402180005	201402220000
201402220005	201402260000
201402260005	201403020000
201403020005	201403060000
201403060005	201403100000
201403100005	201403140000
201403140005	201403180000
201403180005	201403220000
201403220005	201403260000
201403260005	201403300000
201403300005	201404030000
201404030005	201404070000
201404070005	201404110000
201404110005	201404150000
201404150005	201404190000
201404190005	201404230000
201404230005	201404270000
201404270005	201405010000
201405010005	201405050000
201405050005	201405090000
201405090005	201405130000
201405130005	201405170000
201405170005	201405210000
201405210005	201405250000
201405250005	201405290000
201405290005	201406020000
201406020005	201406060000
201406060005	201406100000
201406100005	201406140000
201406140005	201406180000
201406180005	201406220000
201406220005	201406260000
201406260005	201406300000
201406300005	201407040000
201407040005	201407080000
201407080005	201407120000
201407120005	201407160000
201407160005	201407200000
201407200005	201407240000
201407240005	201407280000
201407280005	201408010000
201408010005	201408050000
201408050005	201408090000
201408090005	201408130000
201408130005	201408170000
201408170005	201408210000
201408210005	201408250000
201408250005	201408290000
201408290005	201409020000
201409020005	201409060000
201409060005	201409100000
201409100005	201409140000
201409140005	201409180000
201409180005	201409220000
201409220005	201409260000
201409260005	201409300000
201409300005	201410040000
201410040005	201410080000
201410080005	201410120000
201410120005	201410160000
201410160005	201410200000
201410200005	201410240000
201410240005	201410280000
201410280005	201411010000
201411010005	201411050000
201411050005	201411090000
201411090005	201411130000
201411130005	201411170000
201411170005	201411210000
201411210005	201411250000
201411250005	201411290000
201411290005	201412030000
201412030005	201412070000
201412070005	201412110000
201412110005	201412150000
201412150005	201412190000
201412190005	201412230000
201412230005	201412270000
201412270005	201412310000
201412310005	201501010000
